Sudeste;MG;0;31;0;0;0;01/01/2021;53;21168791;546884;3975;12001;99;0;0;0
Sudeste;MG;0;31;0;0;0;02/01/2021;53;21168791;549302;2418;12023;22;0;0;0
Sudeste;MG;0;31;0;0;0;03/01/2021;1;21168791;550672;1370;12037;14;0;0;0
Sudeste;MG;0;31;0;0;0;04/01/2021;1;21168791;552104;1432;12063;26;0;0;0
Sudeste;MG;0;31;0;0;0;05/01/2021;1;21168791;556692;4588;12083;20;0;0;0
Sudeste;MG;0;31;0;0;0;06/01/2021;1;21168791;566207;9515;12211;128;0;0;0
Sudeste;MG;0;31;0;0;0;07/01/2021;1;21168791;571657;5450;12366;155;0;0;0
Sudeste;MG;0;31;0;0;0;08/01/2021;1;21168791;579469;7812;12469;103;0;0;0
Sudeste;MG;0;31;0;0;0;09/01/2021;1;21168791;587868;8399;12594;125;0;0;0
Sudeste;MG;0;31;0;0;0;10/01/2021;2;21168791;592311;4443;12709;115;0;0;0
Sudeste;MG;0;31;0;0;0;11/01/2021;2;21168791;595007;2696;12736;27;0;0;0
Sudeste;MG;0;31;0;0;0;12/01/2021;2;21168791;602833;7826;12750;14;0;0;0
Sudeste;MG;0;31;0;0;0;13/01/2021;2;21168791;611152;8319;12894;144;0;0;0
Sudeste;MG;0;31;0;0;0;14/01/2021;2;21168791;619846;8694;13028;134;0;0;0
Sudeste;MG;0;31;0;0;0;15/01/2021;2;21168791;628966;9120;13182;154;0;0;0
Sudeste;MG;0;31;0;0;0;16/01/2021;2;21168791;636797;7831;13355;173;0;0;0
Sudeste;MG;0;31;0;0;0;17/01/2021;3;21168791;643609;6812;13465;110;0;0;0
Sudeste;MG;0;31;0;0;0;18/01/2021;3;21168791;646091;2482;13483;18;0;0;0
Sudeste;MG;0;31;0;0;0;19/01/2021;3;21168791;651956;5865;13507;24;0;0;0
Sudeste;MG;0;31;0;0;0;20/01/2021;3;21168791;659385;7429;13721;214;0;0;0
Sudeste;MG;0;31;0;0;0;21/01/2021;3;21168791;668216;8831;13891;170;0;0;0
Sudeste;MG;0;31;0;0;0;22/01/2021;3;21168791;677809;9593;14010;119;0;0;0
Sudeste;MG;0;31;0;0;0;23/01/2021;3;21168791;686682;8873;14148;138;0;0;0
Sudeste;MG;0;31;0;0;0;24/01/2021;4;21168791;690853;4171;14279;131;0;0;0
Sudeste;MG;0;31;0;0;0;25/01/2021;4;21168791;693550;2697;14305;26;0;0;0
Sudeste;MG;0;31;0;0;0;26/01/2021;4;21168791;699257;5707;14328;23;0;0;0
Sudeste;MG;0;31;0;0;0;27/01/2021;4;21168791;707649;8392;14544;216;0;0;0
Sudeste;MG;0;31;0;0;0;28/01/2021;4;21168791;715967;8318;14699;155;0;0;0
Sudeste;MG;0;31;0;0;0;29/01/2021;4;21168791;721967;6000;14819;120;0;0;0
Sudeste;MG;0;31;0;0;0;30/01/2021;4;21168791;729968;8001;14939;120;0;0;0
Sudeste;MG;0;31;0;0;0;31/01/2021;5;21168791;734486;4518;15060;121;0;0;0
Sudeste;MG;0;31;0;0;0;01/02/2021;5;21168791;736265;1779;15094;34;0;0;0
Sudeste;MG;0;31;0;0;0;02/02/2021;5;21168791;740972;4707;15126;32;0;0;0
Sudeste;MG;0;31;0;0;0;03/02/2021;5;21168791;746919;5947;15315;189;0;0;0
Sudeste;MG;0;31;0;0;0;04/02/2021;5;21168791;756971;10052;15499;184;0;0;0
Sudeste;MG;0;31;0;0;0;05/02/2021;5;21168791;762412;5441;15667;168;0;0;0
Sudeste;MG;0;31;0;0;0;06/02/2021;5;21168791;767061;4649;15807;140;0;0;0
Sudeste;MG;0;31;0;0;0;07/02/2021;6;21168791;774111;7050;15930;123;0;0;0
Sudeste;MG;0;31;0;0;0;08/02/2021;6;21168791;776215;2104;15967;37;0;0;0
Sudeste;MG;0;31;0;0;0;09/02/2021;6;21168791;780187;3972;15990;23;0;0;0
Sudeste;MG;0;31;0;0;0;10/02/2021;6;21168791;786653;6466;16233;243;0;0;0
Sudeste;MG;0;31;0;0;0;11/02/2021;6;21168791;793157;6504;16405;172;0;0;0
Sudeste;MG;0;31;0;0;0;12/02/2021;6;21168791;798711;5554;16595;190;0;0;0
Sudeste;MG;0;31;0;0;0;13/02/2021;6;21168791;804063;5352;16760;165;0;0;0
Sudeste;MG;0;31;0;0;0;14/02/2021;7;21168791;807247;3184;16879;119;0;0;0
Sudeste;MG;0;31;0;0;0;15/02/2021;7;21168791;808693;1446;16887;8;0;0;0
Sudeste;MG;0;31;0;0;0;16/02/2021;7;21168791;811742;3049;16903;16;0;0;0
Sudeste;MG;0;31;0;0;0;17/02/2021;7;21168791;816901;5159;17109;206;0;0;0
Sudeste;MG;0;31;0;0;0;18/02/2021;7;21168791;822448;5547;17249;140;0;0;0
Sudeste;MG;0;31;0;0;0;19/02/2021;7;21168791;827437;4989;17442;193;0;0;0
Sudeste;MG;0;31;0;0;0;20/02/2021;7;21168791;837041;9604;17594;152;0;0;0
Sudeste;MG;0;31;0;0;0;21/02/2021;8;21168791;840315;3274;17714;120;0;0;0
Sudeste;MG;0;31;0;0;0;22/02/2021;8;21168791;842377;2062;17733;19;0;0;0
Sudeste;MG;0;31;0;0;0;23/02/2021;8;21168791;847763;5386;17774;41;0;0;0
Sudeste;MG;0;31;0;0;0;24/02/2021;8;21168791;853459;5696;17974;200;0;0;0
Sudeste;MG;0;31;0;0;0;25/02/2021;8;21168791;862502;9043;18135;161;0;0;0
Sudeste;MG;0;31;0;0;0;26/02/2021;8;21168791;869230;6728;18276;141;0;0;0
Sudeste;MG;0;31;0;0;0;27/02/2021;8;21168791;874884;5654;18431;155;0;0;0
Sudeste;MG;0;31;0;0;0;28/02/2021;9;21168791;878705;3821;18565;134;0;0;0
Sudeste;MG;0;31;0;0;0;01/03/2021;9;21168791;883105;4400;18598;33;0;0;0
Sudeste;MG;0;31;0;0;0;02/03/2021;9;21168791;887080;3975;18645;47;0;0;0
Sudeste;MG;0;31;0;0;0;03/03/2021;9;21168791;893645;6565;18872;227;0;0;0
Sudeste;MG;0;31;0;0;0;04/03/2021;9;21168791;901535;7890;19032;160;0;0;0
Sudeste;MG;0;31;0;0;0;05/03/2021;9;21168791;908869;7334;19204;172;0;0;0
Sudeste;MG;0;31;0;0;0;06/03/2021;9;21168791;916205;7336;19359;155;0;0;0
Sudeste;MG;0;31;0;0;0;07/03/2021;10;21168791;922573;6368;19523;164;0;0;0
Sudeste;MG;0;31;0;0;0;08/03/2021;10;21168791;924572;1999;19548;25;0;0;0
Sudeste;MG;0;31;0;0;0;09/03/2021;10;21168791;928402;3830;19605;57;0;0;0
Sudeste;MG;0;31;0;0;0;10/03/2021;10;21168791;938811;10409;19824;219;0;0;0
Sudeste;MG;0;31;0;0;0;11/03/2021;10;21168791;946556;7745;20087;263;0;0;0
Sudeste;MG;0;31;0;0;0;12/03/2021;10;21168791;956468;9912;20300;213;0;0;0
Sudeste;MG;0;31;0;0;0;13/03/2021;10;21168791;963889;7421;20506;206;0;0;0
Sudeste;MG;0;31;0;0;0;14/03/2021;11;21168791;971379;7490;20650;144;0;0;0
Sudeste;MG;0;31;0;0;0;15/03/2021;11;21168791;974594;3215;20687;37;0;0;0
Sudeste;MG;0;31;0;0;0;16/03/2021;11;21168791;980687;6093;20715;28;0;0;0
Sudeste;MG;0;31;0;0;0;17/03/2021;11;21168791;991732;11045;21029;314;0;0;0
Sudeste;MG;0;31;0;0;0;18/03/2021;11;21168791;1003104;11372;21303;274;0;0;0
Sudeste;MG;0;31;0;0;0;19/03/2021;11;21168791;1014079;10975;21540;237;0;0;0
Sudeste;MG;0;31;0;0;0;20/03/2021;11;21168791;1023969;9890;21764;224;0;0;0
Sudeste;MG;0;31;0;0;0;21/03/2021;12;21168791;1033562;9593;22007;243;0;0;0
Sudeste;MG;0;31;0;0;0;22/03/2021;12;21168791;1036301;2739;22055;48;0;0;0
Sudeste;MG;0;31;0;0;0;23/03/2021;12;21168791;1040198;3897;22123;68;0;0;0
Sudeste;MG;0;31;0;0;0;24/03/2021;12;21168791;1053994;13796;22497;374;0;0;0
Sudeste;MG;0;31;0;0;0;25/03/2021;12;21168791;1067919;13925;22571;74;0;0;0
Sudeste;MG;0;31;0;0;0;26/03/2021;12;21168791;1081981;14062;22887;316;0;0;0
Sudeste;MG;0;31;0;0;0;27/03/2021;12;21168791;1093539;11558;23366;479;0;0;0
Sudeste;MG;0;31;0;0;0;28/03/2021;13;21168791;1100575;7036;23687;321;0;0;0
Sudeste;MG;0;31;0;0;0;29/03/2021;13;21168791;1103687;3112;23788;101;0;0;0
Sudeste;MG;0;31;0;0;0;30/03/2021;13;21168791;1111893;8206;23915;127;0;0;0
Sudeste;MG;0;31;0;0;0;31/03/2021;13;21168791;1123913;12020;24332;417;0;0;0
Sudeste;MG;0;31;0;0;0;01/04/2021;13;21168791;1135856;11943;24728;396;0;0;0
Sudeste;MG;0;31;0;0;0;02/04/2021;13;21168791;1147578;11722;25214;486;0;0;0
Sudeste;MG;0;31;0;0;0;03/04/2021;13;21168791;1153526;5948;25534;320;0;0;0
Sudeste;MG;0;31;0;0;0;04/04/2021;14;21168791;1156435;2909;25654;120;0;0;0
Sudeste;MG;0;31;0;0;0;05/04/2021;14;21168791;1159039;2604;25713;59;0;0;0
Sudeste;MG;0;31;0;0;0;06/04/2021;14;21168791;1169489;10450;25795;82;0;0;0
Sudeste;MG;0;31;0;0;0;07/04/2021;14;21168791;1182847;13358;26303;508;0;0;0
Sudeste;MG;0;31;0;0;0;08/04/2021;14;21168791;1192050;9203;26795;492;0;0;0
Sudeste;MG;0;31;0;0;0;09/04/2021;14;21168791;1208529;16479;27250;455;0;0;0
Sudeste;MG;0;31;0;0;0;10/04/2021;14;21168791;1220638;12109;27618;368;0;0;0
Sudeste;MG;0;31;0;0;0;11/04/2021;15;21168791;1225818;5180;28004;386;0;0;0
Sudeste;MG;0;31;0;0;0;12/04/2021;15;21168791;1228659;2841;28090;86;0;0;0
Sudeste;MG;0;31;0;0;0;13/04/2021;15;21168791;1235972;7313;28152;62;0;0;0
Sudeste;MG;0;31;0;0;0;14/04/2021;15;21168791;1247258;11286;28636;484;0;0;0
Sudeste;MG;0;31;0;0;0;15/04/2021;15;21168791;1257064;9806;29105;469;0;0;0
Sudeste;MG;0;31;0;0;0;16/04/2021;15;21168791;1266271;9207;29538;433;0;0;0
Sudeste;MG;0;31;0;0;0;17/04/2021;15;21168791;1275234;8963;29940;402;0;0;0
Sudeste;MG;0;31;0;0;0;18/04/2021;16;21168791;1279549;4315;30309;369;0;0;0
Sudeste;MG;0;31;0;0;0;19/04/2021;16;21168791;1281421;1872;30397;88;0;0;0
Sudeste;MG;0;31;0;0;0;20/04/2021;16;21168791;1286271;4850;30526;129;0;0;0
Sudeste;MG;0;31;0;0;0;21/04/2021;16;21168791;1298176;11905;30994;468;0;0;0
Sudeste;MG;0;31;0;0;0;22/04/2021;16;21168791;1302628;4452;31386;392;0;0;0
Sudeste;MG;0;31;0;0;0;23/04/2021;16;21168791;1307937;5309;31494;108;0;0;0
Sudeste;MG;0;31;0;0;0;24/04/2021;16;21168791;1319297;11360;31987;493;0;0;0
Sudeste;MG;0;31;0;0;0;25/04/2021;17;21168791;1323153;3856;32318;331;0;0;0
Sudeste;MG;0;31;0;0;0;26/04/2021;17;21168791;1325022;1869;32414;96;0;0;0
Sudeste;MG;0;31;0;0;0;27/04/2021;17;21168791;1330018;4996;32497;83;0;0;0
Sudeste;MG;0;31;0;0;0;28/04/2021;17;21168791;1342892;12874;32985;488;0;0;0
Sudeste;MG;0;31;0;0;0;29/04/2021;17;21168791;1351739;8847;33401;416;0;0;0
Sudeste;MG;0;31;0;0;0;30/04/2021;17;21168791;1359137;7398;33699;298;0;0;0
Sudeste;MG;0;31;0;0;0;01/05/2021;17;21168791;1366602;7465;34036;337;0;0;0
Sudeste;MG;0;31;0;0;0;02/05/2021;18;21168791;1370202;3600;34289;253;0;0;0
Sudeste;MG;0;31;0;0;0;03/05/2021;18;21168791;1371818;1616;34313;24;0;0;0
Sudeste;MG;0;31;0;0;0;04/05/2021;18;21168791;1378545;6727;34396;83;0;0;0
Sudeste;MG;0;31;0;0;0;05/05/2021;18;21168791;1387809;9264;34837;441;0;0;0
Sudeste;MG;0;31;0;0;0;06/05/2021;18;21168791;1396534;8725;35165;328;0;0;0
Sudeste;MG;0;31;0;0;0;07/05/2021;18;21168791;1404219;7685;35424;259;0;0;0
Sudeste;MG;0;31;0;0;0;08/05/2021;18;21168791;1411114;6895;35750;326;0;0;0
Sudeste;MG;0;31;0;0;0;09/05/2021;19;21168791;1415614;4500;36011;261;0;0;0
Sudeste;MG;0;31;0;0;0;10/05/2021;19;21168791;1416845;1231;36062;51;0;0;0
Sudeste;MG;0;31;0;0;0;11/05/2021;19;21168791;1423717;6872;36122;60;0;0;0
Sudeste;MG;0;31;0;0;0;12/05/2021;19;21168791;1433481;9764;36495;373;0;0;0
Sudeste;MG;0;31;0;0;0;13/05/2021;19;21168791;1442432;8951;36753;258;0;0;0
Sudeste;MG;0;31;0;0;0;14/05/2021;19;21168791;1451836;9404;37005;252;0;0;0
Sudeste;MG;0;31;0;0;0;15/05/2021;19;21168791;1459402;7566;37283;278;0;0;0
Sudeste;MG;0;31;0;0;0;16/05/2021;20;21168791;1463543;4141;37508;225;0;0;0
Sudeste;MG;0;31;0;0;0;17/05/2021;20;21168791;1465668;2125;37557;49;0;0;0
Sudeste;MG;0;31;0;0;0;18/05/2021;20;21168791;1472801;7133;37617;60;0;0;0
Sudeste;MG;0;31;0;0;0;19/05/2021;20;21168791;1483200;10399;37927;310;0;0;0
Sudeste;MG;0;31;0;0;0;20/05/2021;20;21168791;1492530;9330;38222;295;0;0;0
Sudeste;MG;0;31;0;0;0;21/05/2021;20;21168791;1501670;9140;38549;327;0;0;0
Sudeste;MG;0;31;0;0;0;22/05/2021;20;21168791;1511756;10086;38878;329;0;0;0
Sudeste;MG;0;31;0;0;0;23/05/2021;21;21168791;1516282;4526;39086;208;0;0;0
Sudeste;MG;0;31;0;0;0;24/05/2021;21;21168791;1518725;2443;39128;42;0;0;0
Sudeste;MG;0;31;0;0;0;25/05/2021;21;21168791;1525072;6347;39176;48;0;0;0
Sudeste;MG;0;31;0;0;0;26/05/2021;21;21168791;1536112;11040;39540;364;0;0;0
Sudeste;MG;0;31;0;0;0;27/05/2021;21;21168791;1545702;9590;39784;244;0;0;0
Sudeste;MG;0;31;0;0;0;28/05/2021;21;21168791;1555284;9582;40026;242;0;0;0
Sudeste;MG;0;31;0;0;0;29/05/2021;21;21168791;1564200;8916;40262;236;0;0;0
Sudeste;MG;0;31;0;0;0;30/05/2021;22;21168791;1569774;5574;40452;190;0;0;0
Sudeste;MG;0;31;0;0;0;31/05/2021;22;21168791;1572004;2230;40497;45;0;0;0
Sudeste;MG;0;31;0;0;0;01/06/2021;22;21168791;1579287;7283;40556;59;0;0;0
Sudeste;MG;0;31;0;0;0;02/06/2021;22;21168791;1594420;15133;40880;324;0;0;0
Sudeste;MG;0;31;0;0;0;03/06/2021;22;21168791;1605025;10605;40880;0;0;0;0
Sudeste;MG;0;31;0;0;0;04/06/2021;22;21168791;1610983;5958;41418;538;0;0;0
Sudeste;MG;0;31;0;0;0;05/06/2021;22;21168791;1616876;5893;41479;61;0;0;0
Sudeste;MG;0;31;0;0;0;06/06/2021;23;21168791;1621895;5019;41610;131;0;0;0
Sudeste;MG;0;31;0;0;0;07/06/2021;23;21168791;1623944;2049;41673;63;0;0;0
Sudeste;MG;0;31;0;0;0;08/06/2021;23;21168791;1633388;9444;41720;47;0;0;0
Sudeste;MG;0;31;0;0;0;09/06/2021;23;21168791;1646104;12716;42000;280;0;0;0
Sudeste;MG;0;31;0;0;0;10/06/2021;23;21168791;1657147;11043;42319;319;0;0;0
Sudeste;MG;0;31;0;0;0;11/06/2021;23;21168791;1667905;10758;42589;270;0;0;0
Sudeste;MG;0;31;0;0;0;12/06/2021;23;21168791;1678558;10653;42872;283;0;0;0
Sudeste;ES;0;32;0;0;0;01/01/2021;53;4018650;249260;1028;5087;7;0;0;0
Sudeste;ES;0;32;0;0;0;02/01/2021;53;4018650;250227;967;5113;26;0;0;0
Sudeste;ES;0;32;0;0;0;03/01/2021;1;4018650;251643;1416;5122;9;0;0;0
Sudeste;ES;0;32;0;0;0;04/01/2021;1;4018650;253115;1472;5176;54;0;0;0
Sudeste;ES;0;32;0;0;0;05/01/2021;1;4018650;255497;2382;5199;23;0;0;0
Sudeste;ES;0;32;0;0;0;06/01/2021;1;4018650;255907;410;5206;7;0;0;0
Sudeste;ES;0;32;0;0;0;07/01/2021;1;4018650;258799;2892;5259;53;0;0;0
Sudeste;ES;0;32;0;0;0;08/01/2021;1;4018650;260836;2037;5285;26;0;0;0
Sudeste;ES;0;32;0;0;0;09/01/2021;1;4018650;262113;1277;5306;21;0;0;0
Sudeste;ES;0;32;0;0;0;10/01/2021;2;4018650;263483;1370;5321;15;0;0;0
Sudeste;ES;0;32;0;0;0;11/01/2021;2;4018650;265313;1830;5354;33;0;0;0
Sudeste;ES;0;32;0;0;0;12/01/2021;2;4018650;267323;2010;5382;28;0;0;0
Sudeste;ES;0;32;0;0;0;13/01/2021;2;4018650;269088;1765;5416;34;0;0;0
Sudeste;ES;0;32;0;0;0;14/01/2021;2;4018650;270913;1825;5448;32;0;0;0
Sudeste;ES;0;32;0;0;0;15/01/2021;2;4018650;272957;2044;5469;21;0;0;0
Sudeste;ES;0;32;0;0;0;16/01/2021;2;4018650;274470;1513;5493;24;0;0;0
Sudeste;ES;0;32;0;0;0;17/01/2021;3;4018650;275504;1034;5506;13;0;0;0
Sudeste;ES;0;32;0;0;0;18/01/2021;3;4018650;277173;1669;5534;28;0;0;0
Sudeste;ES;0;32;0;0;0;19/01/2021;3;4018650;278959;1786;5563;29;0;0;0
Sudeste;ES;0;32;0;0;0;20/01/2021;3;4018650;280067;1108;5582;19;0;0;0
Sudeste;ES;0;32;0;0;0;21/01/2021;3;4018650;281910;1843;5609;27;0;0;0
Sudeste;ES;0;32;0;0;0;22/01/2021;3;4018650;283849;1939;5633;24;0;0;0
Sudeste;ES;0;32;0;0;0;23/01/2021;3;4018650;284841;992;5658;25;0;0;0
Sudeste;ES;0;32;0;0;0;24/01/2021;4;4018650;285641;800;5667;9;0;0;0
Sudeste;ES;0;32;0;0;0;25/01/2021;4;4018650;287096;1455;5707;40;0;0;0
Sudeste;ES;0;32;0;0;0;26/01/2021;4;4018650;288268;1172;5746;39;0;0;0
Sudeste;ES;0;32;0;0;0;27/01/2021;4;4018650;289496;1228;5774;28;0;0;0
Sudeste;ES;0;32;0;0;0;28/01/2021;4;4018650;290609;1113;5794;20;0;0;0
Sudeste;ES;0;32;0;0;0;29/01/2021;4;4018650;292269;1660;5819;25;0;0;0
Sudeste;ES;0;32;0;0;0;30/01/2021;4;4018650;293030;761;5841;22;0;0;0
Sudeste;ES;0;32;0;0;0;31/01/2021;5;4018650;294086;1056;5857;16;0;0;0
Sudeste;ES;0;32;0;0;0;01/02/2021;5;4018650;295183;1097;5888;31;0;0;0
Sudeste;ES;0;32;0;0;0;02/02/2021;5;4018650;296542;1359;5912;24;0;0;0
Sudeste;ES;0;32;0;0;0;03/02/2021;5;4018650;297610;1068;5930;18;0;0;0
Sudeste;ES;0;32;0;0;0;04/02/2021;5;4018650;299076;1466;5949;19;0;0;0
Sudeste;ES;0;32;0;0;0;05/02/2021;5;4018650;300624;1548;5975;26;0;0;0
Sudeste;ES;0;32;0;0;0;06/02/2021;5;4018650;301834;1210;5986;11;0;0;0
Sudeste;ES;0;32;0;0;0;07/02/2021;6;4018650;302841;1007;5995;9;0;0;0
Sudeste;ES;0;32;0;0;0;08/02/2021;6;4018650;303541;700;6012;17;0;0;0
Sudeste;ES;0;32;0;0;0;09/02/2021;6;4018650;304687;1146;6043;31;0;0;0
Sudeste;ES;0;32;0;0;0;10/02/2021;6;4018650;306265;1578;6064;21;0;0;0
Sudeste;ES;0;32;0;0;0;11/02/2021;6;4018650;307793;1528;6091;27;0;0;0
Sudeste;ES;0;32;0;0;0;12/02/2021;6;4018650;309294;1501;6116;25;0;0;0
Sudeste;ES;0;32;0;0;0;13/02/2021;6;4018650;310150;856;6135;19;0;0;0
Sudeste;ES;0;32;0;0;0;14/02/2021;7;4018650;310760;610;6141;6;0;0;0
Sudeste;ES;0;32;0;0;0;15/02/2021;7;4018650;311236;476;6156;15;0;0;0
Sudeste;ES;0;32;0;0;0;16/02/2021;7;4018650;311647;411;6176;20;0;0;0
Sudeste;ES;0;32;0;0;0;17/02/2021;7;4018650;312501;854;6203;27;0;0;0
Sudeste;ES;0;32;0;0;0;18/02/2021;7;4018650;313527;1026;6234;31;0;0;0
Sudeste;ES;0;32;0;0;0;19/02/2021;7;4018650;315310;1783;6257;23;0;0;0
Sudeste;ES;0;32;0;0;0;20/02/2021;7;4018650;316473;1163;6264;7;0;0;0
Sudeste;ES;0;32;0;0;0;21/02/2021;8;4018650;317573;1100;6275;11;0;0;0
Sudeste;ES;0;32;0;0;0;22/02/2021;8;4018650;318812;1239;6298;23;0;0;0
Sudeste;ES;0;32;0;0;0;23/02/2021;8;4018650;320053;1241;6318;20;0;0;0
Sudeste;ES;0;32;0;0;0;24/02/2021;8;4018650;321535;1482;6337;19;0;0;0
Sudeste;ES;0;32;0;0;0;25/02/2021;8;4018650;322920;1385;6362;25;0;0;0
Sudeste;ES;0;32;0;0;0;26/02/2021;8;4018650;324123;1203;6387;25;0;0;0
Sudeste;ES;0;32;0;0;0;27/02/2021;8;4018650;325190;1067;6396;9;0;0;0
Sudeste;ES;0;32;0;0;0;28/02/2021;9;4018650;326270;1080;6406;10;0;0;0
Sudeste;ES;0;32;0;0;0;01/03/2021;9;4018650;327433;1163;6427;21;0;0;0
Sudeste;ES;0;32;0;0;0;02/03/2021;9;4018650;328490;1057;6457;30;0;0;0
Sudeste;ES;0;32;0;0;0;03/03/2021;9;4018650;329643;1153;6476;19;0;0;0
Sudeste;ES;0;32;0;0;0;04/03/2021;9;4018650;331328;1685;6499;23;0;0;0
Sudeste;ES;0;32;0;0;0;05/03/2021;9;4018650;332805;1477;6525;26;0;0;0
Sudeste;ES;0;32;0;0;0;06/03/2021;9;4018650;334125;1320;6537;12;0;0;0
Sudeste;ES;0;32;0;0;0;07/03/2021;10;4018650;334837;712;6552;15;0;0;0
Sudeste;ES;0;32;0;0;0;08/03/2021;10;4018650;336112;1275;6572;20;0;0;0
Sudeste;ES;0;32;0;0;0;09/03/2021;10;4018650;337456;1344;6601;29;0;0;0
Sudeste;ES;0;32;0;0;0;10/03/2021;10;4018650;338977;1521;6639;38;0;0;0
Sudeste;ES;0;32;0;0;0;11/03/2021;10;4018650;340808;1831;6656;17;0;0;0
Sudeste;ES;0;32;0;0;0;12/03/2021;10;4018650;342213;1405;6686;30;0;0;0
Sudeste;ES;0;32;0;0;0;13/03/2021;10;4018650;343725;1512;6706;20;0;0;0
Sudeste;ES;0;32;0;0;0;14/03/2021;11;4018650;344669;944;6719;13;0;0;0
Sudeste;ES;0;32;0;0;0;15/03/2021;11;4018650;346245;1576;6745;26;0;0;0
Sudeste;ES;0;32;0;0;0;16/03/2021;11;4018650;348747;2502;6780;35;0;0;0
Sudeste;ES;0;32;0;0;0;17/03/2021;11;4018650;350856;2109;6814;34;0;0;0
Sudeste;ES;0;32;0;0;0;18/03/2021;11;4018650;353174;2318;6843;29;0;0;0
Sudeste;ES;0;32;0;0;0;19/03/2021;11;4018650;355257;2083;6882;39;0;0;0
Sudeste;ES;0;32;0;0;0;20/03/2021;11;4018650;357653;2396;6905;23;0;0;0
Sudeste;ES;0;32;0;0;0;21/03/2021;12;4018650;359172;1519;6926;21;0;0;0
Sudeste;ES;0;32;0;0;0;22/03/2021;12;4018650;361422;2250;6981;55;0;0;0
Sudeste;ES;0;32;0;0;0;23/03/2021;12;4018650;363685;2263;7044;63;0;0;0
Sudeste;ES;0;32;0;0;0;24/03/2021;12;4018650;365877;2192;7108;64;0;0;0
Sudeste;ES;0;32;0;0;0;25/03/2021;12;4018650;368402;2525;7161;53;0;0;0
Sudeste;ES;0;32;0;0;0;26/03/2021;12;4018650;370110;1708;7214;53;0;0;0
Sudeste;ES;0;32;0;0;0;27/03/2021;12;4018650;372604;2494;7248;34;0;0;0
Sudeste;ES;0;32;0;0;0;28/03/2021;13;4018650;374179;1575;7278;30;0;0;0
Sudeste;ES;0;32;0;0;0;29/03/2021;13;4018650;375889;1710;7341;63;0;0;0
Sudeste;ES;0;32;0;0;0;30/03/2021;13;4018650;379367;3478;7437;96;0;0;0
Sudeste;ES;0;32;0;0;0;31/03/2021;13;4018650;382138;2771;7490;53;0;0;0
Sudeste;ES;0;32;0;0;0;01/04/2021;13;4018650;384362;2224;7553;63;0;0;0
Sudeste;ES;0;32;0;0;0;02/04/2021;13;4018650;386176;1814;7601;48;0;0;0
Sudeste;ES;0;32;0;0;0;03/04/2021;13;4018650;387778;1602;7639;38;0;0;0
Sudeste;ES;0;32;0;0;0;04/04/2021;14;4018650;388600;822;7672;33;0;0;0
Sudeste;ES;0;32;0;0;0;05/04/2021;14;4018650;390640;2040;7753;81;0;0;0
Sudeste;ES;0;32;0;0;0;06/04/2021;14;4018650;393183;2543;7862;109;0;0;0
Sudeste;ES;0;32;0;0;0;07/04/2021;14;4018650;395799;2616;7937;75;0;0;0
Sudeste;ES;0;32;0;0;0;08/04/2021;14;4018650;398217;2418;8014;77;0;0;0
Sudeste;ES;0;32;0;0;0;09/04/2021;14;4018650;400820;2603;8079;65;0;0;0
Sudeste;ES;0;32;0;0;0;10/04/2021;14;4018650;402672;1852;8133;54;0;0;0
Sudeste;ES;0;32;0;0;0;11/04/2021;15;4018650;404161;1489;8164;31;0;0;0
Sudeste;ES;0;32;0;0;0;12/04/2021;15;4018650;405314;1153;8211;47;0;0;0
Sudeste;ES;0;32;0;0;0;13/04/2021;15;4018650;406941;1627;8310;99;0;0;0
Sudeste;ES;0;32;0;0;0;14/04/2021;15;4018650;409037;2096;8406;96;0;0;0
Sudeste;ES;0;32;0;0;0;15/04/2021;15;4018650;411413;2376;8506;100;0;0;0
Sudeste;ES;0;32;0;0;0;16/04/2021;15;4018650;413834;2421;8581;75;0;0;0
Sudeste;ES;0;32;0;0;0;17/04/2021;15;4018650;413996;162;8588;7;0;0;0
Sudeste;ES;0;32;0;0;0;18/04/2021;16;4018650;416886;2890;8666;78;0;0;0
Sudeste;ES;0;32;0;0;0;19/04/2021;16;4018650;418457;1571;8764;98;0;0;0
Sudeste;ES;0;32;0;0;0;20/04/2021;16;4018650;420366;1909;8875;111;0;0;0
Sudeste;ES;0;32;0;0;0;21/04/2021;16;4018650;422024;1658;8913;38;0;0;0
Sudeste;ES;0;32;0;0;0;22/04/2021;16;4018650;423834;1810;9000;87;0;0;0
Sudeste;ES;0;32;0;0;0;23/04/2021;16;4018650;425549;1715;9079;79;0;0;0
Sudeste;ES;0;32;0;0;0;24/04/2021;16;4018650;426649;1100;9124;45;0;0;0
Sudeste;ES;0;32;0;0;0;25/04/2021;17;4018650;427631;982;9159;35;0;0;0
Sudeste;ES;0;32;0;0;0;26/04/2021;17;4018650;428817;1186;9235;76;0;0;0
Sudeste;ES;0;32;0;0;0;27/04/2021;17;4018650;430746;1929;9309;74;0;0;0
Sudeste;ES;0;32;0;0;0;28/04/2021;17;4018650;432525;1779;9391;82;0;0;0
Sudeste;ES;0;32;0;0;0;29/04/2021;17;4018650;434606;2081;9453;62;0;0;0
Sudeste;ES;0;32;0;0;0;30/04/2021;17;4018650;436540;1934;9517;64;0;0;0
Sudeste;ES;0;32;0;0;0;01/05/2021;17;4018650;437813;1273;9536;19;0;0;0
Sudeste;ES;0;32;0;0;0;02/05/2021;18;4018650;438749;936;9551;15;0;0;0
Sudeste;ES;0;32;0;0;0;03/05/2021;18;4018650;439857;1108;9613;62;0;0;0
Sudeste;ES;0;32;0;0;0;04/05/2021;18;4018650;441464;1607;9678;65;0;0;0
Sudeste;ES;0;32;0;0;0;05/05/2021;18;4018650;443103;1639;9723;45;0;0;0
Sudeste;ES;0;32;0;0;0;06/05/2021;18;4018650;444634;1531;9784;61;0;0;0
Sudeste;ES;0;32;0;0;0;07/05/2021;18;4018650;446418;1784;9831;47;0;0;0
Sudeste;ES;0;32;0;0;0;08/05/2021;18;4018650;447566;1148;9863;32;0;0;0
Sudeste;ES;0;32;0;0;0;09/05/2021;19;4018650;448223;657;9869;6;0;0;0
Sudeste;ES;0;32;0;0;0;10/05/2021;19;4018650;449416;1193;9953;84;0;0;0
Sudeste;ES;0;32;0;0;0;11/05/2021;19;4018650;451247;1831;10009;56;0;0;0
Sudeste;ES;0;32;0;0;0;12/05/2021;19;4018650;453285;2038;10062;53;0;0;0
Sudeste;ES;0;32;0;0;0;13/05/2021;19;4018650;455128;1843;10107;45;0;0;0
Sudeste;ES;0;32;0;0;0;14/05/2021;19;4018650;456999;1871;10151;44;0;0;0
Sudeste;ES;0;32;0;0;0;15/05/2021;19;4018650;458209;1210;10178;27;0;0;0
Sudeste;ES;0;32;0;0;0;16/05/2021;20;4018650;458950;741;10197;19;0;0;0
Sudeste;ES;0;32;0;0;0;17/05/2021;20;4018650;460469;1519;10259;62;0;0;0
Sudeste;ES;0;32;0;0;0;18/05/2021;20;4018650;462444;1975;10326;67;0;0;0
Sudeste;ES;0;32;0;0;0;19/05/2021;20;4018650;463443;999;10342;16;0;0;0
Sudeste;ES;0;32;0;0;0;20/05/2021;20;4018650;466024;2581;10410;68;0;0;0
Sudeste;ES;0;32;0;0;0;21/05/2021;20;4018650;467856;1832;10459;49;0;0;0
Sudeste;ES;0;32;0;0;0;22/05/2021;20;4018650;469156;1300;10491;32;0;0;0
Sudeste;ES;0;32;0;0;0;23/05/2021;21;4018650;470020;864;10512;21;0;0;0
Sudeste;ES;0;32;0;0;0;24/05/2021;21;4018650;471360;1340;10587;75;0;0;0
Sudeste;ES;0;32;0;0;0;25/05/2021;21;4018650;473107;1747;10615;28;0;0;0
Sudeste;ES;0;32;0;0;0;26/05/2021;21;4018650;475079;1972;10649;34;0;0;0
Sudeste;ES;0;32;0;0;0;27/05/2021;21;4018650;477047;1968;10683;34;0;0;0
Sudeste;ES;0;32;0;0;0;28/05/2021;21;4018650;478964;1917;10709;26;0;0;0
Sudeste;ES;0;32;0;0;0;29/05/2021;21;4018650;479996;1032;10713;4;0;0;0
Sudeste;ES;0;32;0;0;0;30/05/2021;22;4018650;480587;591;10724;11;0;0;0
Sudeste;ES;0;32;0;0;0;31/05/2021;22;4018650;481914;1327;10790;66;0;0;0
Sudeste;ES;0;32;0;0;0;01/06/2021;22;4018650;483841;1927;10830;40;0;0;0
Sudeste;ES;0;32;0;0;0;02/06/2021;22;4018650;485802;1961;10871;41;0;0;0
Sudeste;ES;0;32;0;0;0;03/06/2021;22;4018650;487029;1227;10885;14;0;0;0
Sudeste;ES;0;32;0;0;0;04/06/2021;22;4018650;487842;813;10916;31;0;0;0
Sudeste;ES;0;32;0;0;0;05/06/2021;22;4018650;488704;862;10944;28;0;0;0
Sudeste;ES;0;32;0;0;0;06/06/2021;23;4018650;489142;438;10957;13;0;0;0
Sudeste;ES;0;32;0;0;0;07/06/2021;23;4018650;490202;1060;10996;39;0;0;0
Sudeste;ES;0;32;0;0;0;08/06/2021;23;4018650;492219;2017;11040;44;0;0;0
Sudeste;ES;0;32;0;0;0;09/06/2021;23;4018650;494050;1831;11065;25;0;0;0
Sudeste;ES;0;32;0;0;0;10/06/2021;23;4018650;495177;1127;11087;22;0;0;0
Sudeste;ES;0;32;0;0;0;11/06/2021;23;4018650;496864;1687;11120;33;0;0;0
Sudeste;ES;0;32;0;0;0;12/06/2021;23;4018650;497745;881;11129;9;0;0;0
Sudeste;RJ;0;33;0;0;0;01/01/2021;53;17264943;435390;742;25600;70;0;0;0
Sudeste;RJ;0;33;0;0;0;02/01/2021;53;17264943;435604;214;25608;8;0;0;0
Sudeste;RJ;0;33;0;0;0;03/01/2021;1;17264943;435739;135;25616;8;0;0;0
Sudeste;RJ;0;33;0;0;0;04/01/2021;1;17264943;439345;3606;25617;1;0;0;0
Sudeste;RJ;0;33;0;0;0;05/01/2021;1;17264943;443607;4262;25837;220;0;0;0
Sudeste;RJ;0;33;0;0;0;06/01/2021;1;17264943;448089;4482;26068;231;0;0;0
Sudeste;RJ;0;33;0;0;0;07/01/2021;1;17264943;452758;4669;26292;224;0;0;0
Sudeste;RJ;0;33;0;0;0;08/01/2021;1;17264943;454275;1517;26480;188;0;0;0
Sudeste;RJ;0;33;0;0;0;09/01/2021;1;17264943;459866;5591;26704;224;0;0;0
Sudeste;RJ;0;33;0;0;0;10/01/2021;2;17264943;460927;1061;26749;45;0;0;0
Sudeste;RJ;0;33;0;0;0;11/01/2021;2;17264943;461561;634;26771;22;0;0;0
Sudeste;RJ;0;33;0;0;0;12/01/2021;2;17264943;465150;3589;26976;205;0;0;0
Sudeste;RJ;0;33;0;0;0;13/01/2021;2;17264943;469437;4287;27241;265;0;0;0
Sudeste;RJ;0;33;0;0;0;14/01/2021;2;17264943;473648;4211;27441;200;0;0;0
Sudeste;RJ;0;33;0;0;0;15/01/2021;2;17264943;477044;3396;27591;150;0;0;0
Sudeste;RJ;0;33;0;0;0;16/01/2021;2;17264943;481111;4067;27755;164;0;0;0
Sudeste;RJ;0;33;0;0;0;17/01/2021;3;17264943;482058;947;27791;36;0;0;0
Sudeste;RJ;0;33;0;0;0;18/01/2021;3;17264943;482431;373;27805;14;0;0;0
Sudeste;RJ;0;33;0;0;0;19/01/2021;3;17264943;486806;4375;28026;221;0;0;0
Sudeste;RJ;0;33;0;0;0;20/01/2021;3;17264943;490821;4015;28215;189;0;0;0
Sudeste;RJ;0;33;0;0;0;21/01/2021;3;17264943;494127;3306;28440;225;0;0;0
Sudeste;RJ;0;33;0;0;0;22/01/2021;3;17264943;494796;669;28592;152;0;0;0
Sudeste;RJ;0;33;0;0;0;23/01/2021;3;17264943;500185;5389;28812;220;0;0;0
Sudeste;RJ;0;33;0;0;0;24/01/2021;4;17264943;501202;1017;28833;21;0;0;0
Sudeste;RJ;0;33;0;0;0;25/01/2021;4;17264943;501436;234;28856;23;0;0;0
Sudeste;RJ;0;33;0;0;0;26/01/2021;4;17264943;505596;4160;29043;187;0;0;0
Sudeste;RJ;0;33;0;0;0;27/01/2021;4;17264943;509113;3517;29230;187;0;0;0
Sudeste;RJ;0;33;0;0;0;28/01/2021;4;17264943;512791;3678;29417;187;0;0;0
Sudeste;RJ;0;33;0;0;0;29/01/2021;4;17264943;516868;4077;29563;146;0;0;0
Sudeste;RJ;0;33;0;0;0;30/01/2021;4;17264943;520730;3862;29789;226;0;0;0
Sudeste;RJ;0;33;0;0;0;31/01/2021;5;17264943;520967;237;29811;22;0;0;0
Sudeste;RJ;0;33;0;0;0;01/02/2021;5;17264943;522998;2031;29848;37;0;0;0
Sudeste;RJ;0;33;0;0;0;02/02/2021;5;17264943;526276;3278;30004;156;0;0;0
Sudeste;RJ;0;33;0;0;0;03/02/2021;5;17264943;529525;3249;30172;168;0;0;0
Sudeste;RJ;0;33;0;0;0;04/02/2021;5;17264943;532377;2852;30354;182;0;0;0
Sudeste;RJ;0;33;0;0;0;05/02/2021;5;17264943;535134;2757;30545;191;0;0;0
Sudeste;RJ;0;33;0;0;0;06/02/2021;5;17264943;537824;2690;30596;51;0;0;0
Sudeste;RJ;0;33;0;0;0;07/02/2021;6;17264943;537986;162;30597;1;0;0;0
Sudeste;RJ;0;33;0;0;0;08/02/2021;6;17264943;540087;2101;30700;103;0;0;0
Sudeste;RJ;0;33;0;0;0;09/02/2021;6;17264943;541096;1009;30792;92;0;0;0
Sudeste;RJ;0;33;0;0;0;10/02/2021;6;17264943;547081;5985;30950;158;0;0;0
Sudeste;RJ;0;33;0;0;0;11/02/2021;6;17264943;549114;2033;31134;184;0;0;0
Sudeste;RJ;0;33;0;0;0;12/02/2021;6;17264943;551882;2768;31283;149;0;0;0
Sudeste;RJ;0;33;0;0;0;13/02/2021;6;17264943;554040;2158;31383;100;0;0;0
Sudeste;RJ;0;33;0;0;0;14/02/2021;7;17264943;554835;795;31487;104;0;0;0
Sudeste;RJ;0;33;0;0;0;15/02/2021;7;17264943;555541;706;31512;25;0;0;0
Sudeste;RJ;0;33;0;0;0;16/02/2021;7;17264943;563926;8385;31630;118;0;0;0
Sudeste;RJ;0;33;0;0;0;17/02/2021;7;17264943;564513;587;31701;71;0;0;0
Sudeste;RJ;0;33;0;0;0;18/02/2021;7;17264943;566928;2415;31882;181;0;0;0
Sudeste;RJ;0;33;0;0;0;19/02/2021;7;17264943;569184;2256;32045;163;0;0;0
Sudeste;RJ;0;33;0;0;0;20/02/2021;7;17264943;571434;2250;32167;122;0;0;0
Sudeste;RJ;0;33;0;0;0;21/02/2021;8;17264943;572007;573;32173;6;0;0;0
Sudeste;RJ;0;33;0;0;0;22/02/2021;8;17264943;572866;859;32256;83;0;0;0
Sudeste;RJ;0;33;0;0;0;23/02/2021;8;17264943;573275;409;32403;147;0;0;0
Sudeste;RJ;0;33;0;0;0;24/02/2021;8;17264943;577183;3908;32574;171;0;0;0
Sudeste;RJ;0;33;0;0;0;25/02/2021;8;17264943;579118;1935;32771;197;0;0;0
Sudeste;RJ;0;33;0;0;0;26/02/2021;8;17264943;579542;424;32909;138;0;0;0
Sudeste;RJ;0;33;0;0;0;27/02/2021;8;17264943;582164;2622;33035;126;0;0;0
Sudeste;RJ;0;33;0;0;0;28/02/2021;9;17264943;583044;880;33080;45;0;0;0
Sudeste;RJ;0;33;0;0;0;01/03/2021;9;17264943;583795;751;33093;13;0;0;0
Sudeste;RJ;0;33;0;0;0;02/03/2021;9;17264943;585620;1825;33176;83;0;0;0
Sudeste;RJ;0;33;0;0;0;03/03/2021;9;17264943;587800;2180;33362;186;0;0;0
Sudeste;RJ;0;33;0;0;0;04/03/2021;9;17264943;589694;1894;33466;104;0;0;0
Sudeste;RJ;0;33;0;0;0;05/03/2021;9;17264943;591945;2251;33607;141;0;0;0
Sudeste;RJ;0;33;0;0;0;06/03/2021;9;17264943;592505;560;33712;105;0;0;0
Sudeste;RJ;0;33;0;0;0;07/03/2021;10;17264943;594202;1697;33717;5;0;0;0
Sudeste;RJ;0;33;0;0;0;08/03/2021;10;17264943;594964;762;33729;12;0;0;0
Sudeste;RJ;0;33;0;0;0;09/03/2021;10;17264943;597136;2172;33824;95;0;0;0
Sudeste;RJ;0;33;0;0;0;10/03/2021;10;17264943;599572;2436;33893;69;0;0;0
Sudeste;RJ;0;33;0;0;0;11/03/2021;10;17264943;601666;2094;34083;190;0;0;0
Sudeste;RJ;0;33;0;0;0;12/03/2021;10;17264943;604171;2505;34210;127;0;0;0
Sudeste;RJ;0;33;0;0;0;13/03/2021;10;17264943;606452;2281;34304;94;0;0;0
Sudeste;RJ;0;33;0;0;0;14/03/2021;11;17264943;606720;268;34329;25;0;0;0
Sudeste;RJ;0;33;0;0;0;15/03/2021;11;17264943;607806;1086;34330;1;0;0;0
Sudeste;RJ;0;33;0;0;0;16/03/2021;11;17264943;608887;1081;34445;115;0;0;0
Sudeste;RJ;0;33;0;0;0;17/03/2021;11;17264943;612980;4093;34586;141;0;0;0
Sudeste;RJ;0;33;0;0;0;18/03/2021;11;17264943;615930;2950;34695;109;0;0;0
Sudeste;RJ;0;33;0;0;0;19/03/2021;11;17264943;618284;2354;34830;135;0;0;0
Sudeste;RJ;0;33;0;0;0;20/03/2021;11;17264943;619228;944;35017;187;0;0;0
Sudeste;RJ;0;33;0;0;0;21/03/2021;12;17264943;621991;2763;35131;114;0;0;0
Sudeste;RJ;0;33;0;0;0;22/03/2021;12;17264943;623460;1469;35180;49;0;0;0
Sudeste;RJ;0;33;0;0;0;23/03/2021;12;17264943;626661;3201;35331;151;0;0;0
Sudeste;RJ;0;33;0;0;0;24/03/2021;12;17264943;629553;2892;35373;42;0;0;0
Sudeste;RJ;0;33;0;0;0;25/03/2021;12;17264943;632533;2980;35563;190;0;0;0
Sudeste;RJ;0;33;0;0;0;26/03/2021;12;17264943;635712;3179;35758;195;0;0;0
Sudeste;RJ;0;33;0;0;0;27/03/2021;12;17264943;638481;2769;36026;268;0;0;0
Sudeste;RJ;0;33;0;0;0;28/03/2021;13;17264943;640467;1986;36109;83;0;0;0
Sudeste;RJ;0;33;0;0;0;29/03/2021;13;17264943;641254;787;36149;40;0;0;0
Sudeste;RJ;0;33;0;0;0;30/03/2021;13;17264943;644754;3500;36432;283;0;0;0
Sudeste;RJ;0;33;0;0;0;31/03/2021;13;17264943;647875;3121;36727;295;0;0;0
Sudeste;RJ;0;33;0;0;0;01/04/2021;13;17264943;651914;4039;37114;387;0;0;0
Sudeste;RJ;0;33;0;0;0;02/04/2021;13;17264943;653204;1290;37218;104;0;0;0
Sudeste;RJ;0;33;0;0;0;03/04/2021;13;17264943;657139;3935;37629;411;0;0;0
Sudeste;RJ;0;33;0;0;0;04/04/2021;14;17264943;658440;1301;37687;58;0;0;0
Sudeste;RJ;0;33;0;0;0;05/04/2021;14;17264943;659237;797;37693;6;0;0;0
Sudeste;RJ;0;33;0;0;0;06/04/2021;14;17264943;660907;1670;38040;347;0;0;0
Sudeste;RJ;0;33;0;0;0;07/04/2021;14;17264943;666025;5118;38282;242;0;0;0
Sudeste;RJ;0;33;0;0;0;08/04/2021;14;17264943;671207;5182;38657;375;0;0;0
Sudeste;RJ;0;33;0;0;0;09/04/2021;14;17264943;675027;3820;39038;381;0;0;0
Sudeste;RJ;0;33;0;0;0;10/04/2021;14;17264943;678601;3574;39298;260;0;0;0
Sudeste;RJ;0;33;0;0;0;11/04/2021;15;17264943;679654;1053;39423;125;0;0;0
Sudeste;RJ;0;33;0;0;0;12/04/2021;15;17264943;680357;703;39444;21;0;0;0
Sudeste;RJ;0;33;0;0;0;13/04/2021;15;17264943;684758;4401;39791;347;0;0;0
Sudeste;RJ;0;33;0;0;0;14/04/2021;15;17264943;688797;4039;40091;300;0;0;0
Sudeste;RJ;0;33;0;0;0;15/04/2021;15;17264943;693046;4249;40429;338;0;0;0
Sudeste;RJ;0;33;0;0;0;16/04/2021;15;17264943;697763;4717;40716;287;0;0;0
Sudeste;RJ;0;33;0;0;0;17/04/2021;15;17264943;699422;1659;41162;446;0;0;0
Sudeste;RJ;0;33;0;0;0;18/04/2021;16;17264943;703349;3927;41310;148;0;0;0
Sudeste;RJ;0;33;0;0;0;19/04/2021;16;17264943;704265;916;41418;108;0;0;0
Sudeste;RJ;0;33;0;0;0;20/04/2021;16;17264943;708424;4159;41745;327;0;0;0
Sudeste;RJ;0;33;0;0;0;21/04/2021;16;17264943;712525;4101;42110;365;0;0;0
Sudeste;RJ;0;33;0;0;0;22/04/2021;16;17264943;716103;3578;42362;252;0;0;0
Sudeste;RJ;0;33;0;0;0;23/04/2021;16;17264943;720749;4646;42634;272;0;0;0
Sudeste;RJ;0;33;0;0;0;24/04/2021;16;17264943;723580;2831;42857;223;0;0;0
Sudeste;RJ;0;33;0;0;0;25/04/2021;17;17264943;724596;1016;42914;57;0;0;0
Sudeste;RJ;0;33;0;0;0;26/04/2021;17;17264943;724858;262;42927;13;0;0;0
Sudeste;RJ;0;33;0;0;0;27/04/2021;17;17264943;729206;4348;43288;361;0;0;0
Sudeste;RJ;0;33;0;0;0;28/04/2021;17;17264943;733764;4558;43618;330;0;0;0
Sudeste;RJ;0;33;0;0;0;29/04/2021;17;17264943;737844;4080;43965;347;0;0;0
Sudeste;RJ;0;33;0;0;0;30/04/2021;17;17264943;742615;4771;44406;441;0;0;0
Sudeste;RJ;0;33;0;0;0;01/05/2021;17;17264943;745456;2841;44619;213;0;0;0
Sudeste;RJ;0;33;0;0;0;02/05/2021;18;17264943;747449;1993;44835;216;0;0;0
Sudeste;RJ;0;33;0;0;0;03/05/2021;18;17264943;748614;1165;44897;62;0;0;0
Sudeste;RJ;0;33;0;0;0;04/05/2021;18;17264943;753732;5118;45232;335;0;0;0
Sudeste;RJ;0;33;0;0;0;05/05/2021;18;17264943;761216;7484;45581;349;0;0;0
Sudeste;RJ;0;33;0;0;0;06/05/2021;18;17264943;770401;9185;45914;333;0;0;0
Sudeste;RJ;0;33;0;0;0;07/05/2021;18;17264943;778662;8261;46171;257;0;0;0
Sudeste;RJ;0;33;0;0;0;08/05/2021;18;17264943;784506;5844;46374;203;0;0;0
Sudeste;RJ;0;33;0;0;0;09/05/2021;19;17264943;786087;1581;46427;53;0;0;0
Sudeste;RJ;0;33;0;0;0;10/05/2021;19;17264943;786757;670;46442;15;0;0;0
Sudeste;RJ;0;33;0;0;0;11/05/2021;19;17264943;792073;5316;46770;328;0;0;0
Sudeste;RJ;0;33;0;0;0;12/05/2021;19;17264943;797033;4960;47052;282;0;0;0
Sudeste;RJ;0;33;0;0;0;13/05/2021;19;17264943;803040;6007;47355;303;0;0;0
Sudeste;RJ;0;33;0;0;0;14/05/2021;19;17264943;809971;6931;47699;344;0;0;0
Sudeste;RJ;0;33;0;0;0;15/05/2021;19;17264943;815187;5216;47951;252;0;0;0
Sudeste;RJ;0;33;0;0;0;16/05/2021;20;17264943;816015;828;48006;55;0;0;0
Sudeste;RJ;0;33;0;0;0;17/05/2021;20;17264943;817947;1932;48024;18;0;0;0
Sudeste;RJ;0;33;0;0;0;18/05/2021;20;17264943;823456;5509;48313;289;0;0;0
Sudeste;RJ;0;33;0;0;0;19/05/2021;20;17264943;828283;4827;48662;349;0;0;0
Sudeste;RJ;0;33;0;0;0;20/05/2021;20;17264943;833014;4731;49036;374;0;0;0
Sudeste;RJ;0;33;0;0;0;21/05/2021;20;17264943;837501;4487;49250;214;0;0;0
Sudeste;RJ;0;33;0;0;0;22/05/2021;20;17264943;839623;2122;49438;188;0;0;0
Sudeste;RJ;0;33;0;0;0;23/05/2021;21;17264943;840480;857;49515;77;0;0;0
Sudeste;RJ;0;33;0;0;0;24/05/2021;21;17264943;844442;3962;49539;24;0;0;0
Sudeste;RJ;0;33;0;0;0;25/05/2021;21;17264943;848495;4053;49672;133;0;0;0
Sudeste;RJ;0;33;0;0;0;26/05/2021;21;17264943;852280;3785;49899;227;0;0;0
Sudeste;RJ;0;33;0;0;0;27/05/2021;21;17264943;855244;2964;50125;226;0;0;0
Sudeste;RJ;0;33;0;0;0;28/05/2021;21;17264943;855766;522;50374;249;0;0;0
Sudeste;RJ;0;33;0;0;0;29/05/2021;21;17264943;858949;3183;50550;176;0;0;0
Sudeste;RJ;0;33;0;0;0;30/05/2021;22;17264943;863865;4916;50574;24;0;0;0
Sudeste;RJ;0;33;0;0;0;31/05/2021;22;17264943;865363;1498;50584;10;0;0;0
Sudeste;RJ;0;33;0;0;0;01/06/2021;22;17264943;869302;3939;50840;256;0;0;0
Sudeste;RJ;0;33;0;0;0;02/06/2021;22;17264943;874560;5258;51096;256;0;0;0
Sudeste;RJ;0;33;0;0;0;03/06/2021;22;17264943;878747;4187;51320;224;0;0;0
Sudeste;RJ;0;33;0;0;0;04/06/2021;22;17264943;880267;1520;51419;99;0;0;0
Sudeste;RJ;0;33;0;0;0;05/06/2021;22;17264943;883360;3093;51508;89;0;0;0
Sudeste;RJ;0;33;0;0;0;06/06/2021;23;17264943;884550;1190;51532;24;0;0;0
Sudeste;RJ;0;33;0;0;0;07/06/2021;23;17264943;884936;386;51540;8;0;0;0
Sudeste;RJ;0;33;0;0;0;08/06/2021;23;17264943;888367;3431;51865;325;0;0;0
Sudeste;RJ;0;33;0;0;0;09/06/2021;23;17264943;894459;6092;52094;229;0;0;0
Sudeste;RJ;0;33;0;0;0;10/06/2021;23;17264943;898531;4072;52371;277;0;0;0
Sudeste;RJ;0;33;0;0;0;11/06/2021;23;17264943;902903;4372;52638;267;0;0;0
Sudeste;RJ;0;33;0;0;0;12/06/2021;23;17264943;905229;2326;52927;289;0;0;0
Sudeste;SP;0;35;0;0;0;01/01/2021;53;45919049;1466191;3894;46775;58;0;0;0
Sudeste;SP;0;35;0;0;0;02/01/2021;53;45919049;1467953;1762;46808;33;0;0;0
Sudeste;SP;0;35;0;0;0;03/01/2021;1;45919049;1471422;3469;46845;37;0;0;0
Sudeste;SP;0;35;0;0;0;04/01/2021;1;45919049;1473670;2248;46888;43;0;0;0
Sudeste;SP;0;35;0;0;0;05/01/2021;1;45919049;1486551;12881;47222;334;0;0;0
Sudeste;SP;0;35;0;0;0;06/01/2021;1;45919049;1501085;14534;47511;289;0;0;0
Sudeste;SP;0;35;0;0;0;07/01/2021;1;45919049;1515158;14073;47768;257;0;0;0
Sudeste;SP;0;35;0;0;0;08/01/2021;1;45919049;1528952;13794;48029;261;0;0;0
Sudeste;SP;0;35;0;0;0;09/01/2021;1;45919049;1540513;11561;48298;269;0;0;0
Sudeste;SP;0;35;0;0;0;10/01/2021;2;45919049;1546132;5619;48351;53;0;0;0
Sudeste;SP;0;35;0;0;0;11/01/2021;2;45919049;1549142;3010;48379;28;0;0;0
Sudeste;SP;0;35;0;0;0;12/01/2021;2;45919049;1561844;12702;48662;283;0;0;0
Sudeste;SP;0;35;0;0;0;13/01/2021;2;45919049;1577119;15275;48985;323;0;0;0
Sudeste;SP;0;35;0;0;0;14/01/2021;2;45919049;1590829;13710;49289;304;0;0;0
Sudeste;SP;0;35;0;0;0;15/01/2021;2;45919049;1605845;15016;49600;311;0;0;0
Sudeste;SP;0;35;0;0;0;16/01/2021;2;45919049;1619619;13774;49885;285;0;0;0
Sudeste;SP;0;35;0;0;0;17/01/2021;3;45919049;1625339;5720;49945;60;0;0;0
Sudeste;SP;0;35;0;0;0;18/01/2021;3;45919049;1628272;2933;49987;42;0;0;0
Sudeste;SP;0;35;0;0;0;19/01/2021;3;45919049;1644225;15953;50318;331;0;0;0
Sudeste;SP;0;35;0;0;0;20/01/2021;3;45919049;1658636;14411;50652;334;0;0;0
Sudeste;SP;0;35;0;0;0;21/01/2021;3;45919049;1670754;12118;50938;286;0;0;0
Sudeste;SP;0;35;0;0;0;22/01/2021;3;45919049;1679759;9005;51192;254;0;0;0
Sudeste;SP;0;35;0;0;0;23/01/2021;3;45919049;1694355;14596;51423;231;0;0;0
Sudeste;SP;0;35;0;0;0;24/01/2021;4;45919049;1699427;5072;51502;79;0;0;0
Sudeste;SP;0;35;0;0;0;25/01/2021;4;45919049;1702294;2867;51556;54;0;0;0
Sudeste;SP;0;35;0;0;0;26/01/2021;4;45919049;1715253;12959;51838;282;0;0;0
Sudeste;SP;0;35;0;0;0;27/01/2021;4;45919049;1731294;16041;52170;332;0;0;0
Sudeste;SP;0;35;0;0;0;28/01/2021;4;45919049;1746070;14776;52481;311;0;0;0
Sudeste;SP;0;35;0;0;0;29/01/2021;4;45919049;1759957;13887;52722;241;0;0;0
Sudeste;SP;0;35;0;0;0;30/01/2021;4;45919049;1773024;13067;52954;232;0;0;0
Sudeste;SP;0;35;0;0;0;31/01/2021;5;45919049;1777368;4344;53034;80;0;0;0
Sudeste;SP;0;35;0;0;0;01/02/2021;5;45919049;1779722;2354;53090;56;0;0;0
Sudeste;SP;0;35;0;0;0;02/02/2021;5;45919049;1794019;14297;53455;365;0;0;0
Sudeste;SP;0;35;0;0;0;03/02/2021;5;45919049;1807009;12990;53704;249;0;0;0
Sudeste;SP;0;35;0;0;0;04/02/2021;5;45919049;1820941;13932;53997;293;0;0;0
Sudeste;SP;0;35;0;0;0;05/02/2021;5;45919049;1833163;12222;54324;327;0;0;0
Sudeste;SP;0;35;0;0;0;06/02/2021;5;45919049;1845086;11923;54545;221;0;0;0
Sudeste;SP;0;35;0;0;0;07/02/2021;6;45919049;1849334;4248;54614;69;0;0;0
Sudeste;SP;0;35;0;0;0;08/02/2021;6;45919049;1851776;2442;54663;49;0;0;0
Sudeste;SP;0;35;0;0;0;09/02/2021;6;45919049;1864977;13201;55087;424;0;0;0
Sudeste;SP;0;35;0;0;0;10/02/2021;6;45919049;1878802;13825;55419;332;0;0;0
Sudeste;SP;0;35;0;0;0;11/02/2021;6;45919049;1889969;11167;55742;323;0;0;0
Sudeste;SP;0;35;0;0;0;12/02/2021;6;45919049;1901574;11605;55971;229;0;0;0
Sudeste;SP;0;35;0;0;0;13/02/2021;6;45919049;1911411;9837;56191;220;0;0;0
Sudeste;SP;0;35;0;0;0;14/02/2021;7;45919049;1913598;2187;56266;75;0;0;0
Sudeste;SP;0;35;0;0;0;15/02/2021;7;45919049;1915914;2316;56304;38;0;0;0
Sudeste;SP;0;35;0;0;0;16/02/2021;7;45919049;1927410;11496;56702;398;0;0;0
Sudeste;SP;0;35;0;0;0;17/02/2021;7;45919049;1938712;11302;56960;258;0;0;0
Sudeste;SP;0;35;0;0;0;18/02/2021;7;45919049;1949459;10747;57240;280;0;0;0
Sudeste;SP;0;35;0;0;0;19/02/2021;7;45919049;1960564;11105;57499;259;0;0;0
Sudeste;SP;0;35;0;0;0;20/02/2021;7;45919049;1971423;10859;57743;244;0;0;0
Sudeste;SP;0;35;0;0;0;21/02/2021;8;45919049;1975927;4504;57799;56;0;0;0
Sudeste;SP;0;35;0;0;0;22/02/2021;8;45919049;1978477;2550;57842;43;0;0;0
Sudeste;SP;0;35;0;0;0;23/02/2021;8;45919049;1990554;12077;58199;357;0;0;0
Sudeste;SP;0;35;0;0;0;24/02/2021;8;45919049;2002640;12086;58528;329;0;0;0
Sudeste;SP;0;35;0;0;0;25/02/2021;8;45919049;2014529;11889;58873;345;0;0;0
Sudeste;SP;0;35;0;0;0;26/02/2021;8;45919049;2026125;11596;59129;256;0;0;0
Sudeste;SP;0;35;0;0;0;27/02/2021;8;45919049;2037267;11142;59428;299;0;0;0
Sudeste;SP;0;35;0;0;0;28/02/2021;9;45919049;2041628;4361;59493;65;0;0;0
Sudeste;SP;0;35;0;0;0;01/03/2021;9;45919049;2044699;3071;59546;53;0;0;0
Sudeste;SP;0;35;0;0;0;02/03/2021;9;45919049;2054867;10168;60014;468;0;0;0
Sudeste;SP;0;35;0;0;0;03/03/2021;9;45919049;2068616;13749;60381;367;0;0;0
Sudeste;SP;0;35;0;0;0;04/03/2021;9;45919049;2080852;12236;60694;313;0;0;0
Sudeste;SP;0;35;0;0;0;05/03/2021;9;45919049;2093924;13072;61064;370;0;0;0
Sudeste;SP;0;35;0;0;0;06/03/2021;9;45919049;2107687;13763;61417;353;0;0;0
Sudeste;SP;0;35;0;0;0;07/03/2021;10;45919049;2113738;6051;61463;46;0;0;0
Sudeste;SP;0;35;0;0;0;08/03/2021;10;45919049;2117962;4224;61584;121;0;0;0
Sudeste;SP;0;35;0;0;0;09/03/2021;10;45919049;2134020;16058;62101;517;0;0;0
Sudeste;SP;0;35;0;0;0;10/03/2021;10;45919049;2149561;15541;62570;469;0;0;0
Sudeste;SP;0;35;0;0;0;11/03/2021;10;45919049;2164066;14505;63010;440;0;0;0
Sudeste;SP;0;35;0;0;0;12/03/2021;10;45919049;2179786;15720;63531;521;0;0;0
Sudeste;SP;0;35;0;0;0;13/03/2021;10;45919049;2195130;15344;63965;434;0;0;0
Sudeste;SP;0;35;0;0;0;14/03/2021;11;45919049;2202983;7853;64123;158;0;0;0
Sudeste;SP;0;35;0;0;0;15/03/2021;11;45919049;2208242;5259;64223;100;0;0;0
Sudeste;SP;0;35;0;0;0;16/03/2021;11;45919049;2225926;17684;64902;679;0;0;0
Sudeste;SP;0;35;0;0;0;17/03/2021;11;45919049;2243868;17942;65519;617;0;0;0
Sudeste;SP;0;35;0;0;0;18/03/2021;11;45919049;2261360;17492;66178;659;0;0;0
Sudeste;SP;0;35;0;0;0;19/03/2021;11;45919049;2280033;18673;66798;620;0;0;0
Sudeste;SP;0;35;0;0;0;20/03/2021;11;45919049;2298061;18028;67414;616;0;0;0
Sudeste;SP;0;35;0;0;0;21/03/2021;12;45919049;2306326;8265;67558;144;0;0;0
Sudeste;SP;0;35;0;0;0;22/03/2021;12;45919049;2311101;4775;67602;44;0;0;0
Sudeste;SP;0;35;0;0;0;23/03/2021;12;45919049;2332043;20942;68623;1021;0;0;0
Sudeste;SP;0;35;0;0;0;24/03/2021;12;45919049;2352438;20395;68904;281;0;0;0
Sudeste;SP;0;35;0;0;0;25/03/2021;12;45919049;2370885;18447;69503;599;0;0;0
Sudeste;SP;0;35;0;0;0;26/03/2021;12;45919049;2392374;21489;70696;1193;0;0;0
Sudeste;SP;0;35;0;0;0;27/03/2021;12;45919049;2410498;18124;71747;1051;0;0;0
Sudeste;SP;0;35;0;0;0;28/03/2021;13;45919049;2420100;9602;71991;244;0;0;0
Sudeste;SP;0;35;0;0;0;29/03/2021;13;45919049;2425320;5220;72283;292;0;0;0
Sudeste;SP;0;35;0;0;0;30/03/2021;13;45919049;2446680;21360;73492;1209;0;0;0
Sudeste;SP;0;35;0;0;0;31/03/2021;13;45919049;2469849;23169;74652;1160;0;0;0
Sudeste;SP;0;35;0;0;0;01/04/2021;13;45919049;2496416;26567;75734;1082;0;0;0
Sudeste;SP;0;35;0;0;0;02/04/2021;13;45919049;2513178;16762;76552;818;0;0;0
Sudeste;SP;0;35;0;0;0;03/04/2021;13;45919049;2520204;7026;76750;198;0;0;0
Sudeste;SP;0;35;0;0;0;04/04/2021;14;45919049;2527400;7196;77020;270;0;0;0
Sudeste;SP;0;35;0;0;0;05/04/2021;14;45919049;2532047;4647;77165;145;0;0;0
Sudeste;SP;0;35;0;0;0;06/04/2021;14;45919049;2554841;22794;78554;1389;0;0;0
Sudeste;SP;0;35;0;0;0;07/04/2021;14;45919049;2576362;21521;79443;889;0;0;0
Sudeste;SP;0;35;0;0;0;08/04/2021;14;45919049;2597366;21004;80742;1299;0;0;0
Sudeste;SP;0;35;0;0;0;09/04/2021;14;45919049;2618067;20701;81750;1008;0;0;0
Sudeste;SP;0;35;0;0;0;10/04/2021;14;45919049;2635378;17311;82407;657;0;0;0
Sudeste;SP;0;35;0;0;0;11/04/2021;15;45919049;2643534;8156;82917;510;0;0;0
Sudeste;SP;0;35;0;0;0;12/04/2021;15;45919049;2648844;5310;83098;181;0;0;0
Sudeste;SP;0;35;0;0;0;13/04/2021;15;45919049;2667241;18397;84380;1282;0;0;0
Sudeste;SP;0;35;0;0;0;14/04/2021;15;45919049;2686031;18790;85475;1095;0;0;0
Sudeste;SP;0;35;0;0;0;15/04/2021;15;45919049;2704098;18067;86535;1060;0;0;0
Sudeste;SP;0;35;0;0;0;16/04/2021;15;45919049;2722077;17979;87326;791;0;0;0
Sudeste;SP;0;35;0;0;0;17/04/2021;15;45919049;2739823;17746;88097;771;0;0;0
Sudeste;SP;0;35;0;0;0;18/04/2021;16;45919049;2746217;6394;88350;253;0;0;0
Sudeste;SP;0;35;0;0;0;19/04/2021;16;45919049;2750300;4083;88528;178;0;0;0
Sudeste;SP;0;35;0;0;0;20/04/2021;16;45919049;2769360;19060;89650;1122;0;0;0
Sudeste;SP;0;35;0;0;0;21/04/2021;16;45919049;2786483;17123;90627;977;0;0;0
Sudeste;SP;0;35;0;0;0;22/04/2021;16;45919049;2793750;7267;90810;183;0;0;0
Sudeste;SP;0;35;0;0;0;23/04/2021;16;45919049;2811562;17812;91673;863;0;0;0
Sudeste;SP;0;35;0;0;0;24/04/2021;16;45919049;2827833;16271;92548;875;0;0;0
Sudeste;SP;0;35;0;0;0;25/04/2021;17;45919049;2834321;6488;92693;145;0;0;0
Sudeste;SP;0;35;0;0;0;26/04/2021;17;45919049;2838233;3912;92798;105;0;0;0
Sudeste;SP;0;35;0;0;0;27/04/2021;17;45919049;2856225;17992;93842;1044;0;0;0
Sudeste;SP;0;35;0;0;0;28/04/2021;17;45919049;2873238;17013;94656;814;0;0;0
Sudeste;SP;0;35;0;0;0;29/04/2021;17;45919049;2888158;14920;95532;876;0;0;0
Sudeste;SP;0;35;0;0;0;30/04/2021;17;45919049;2903709;15551;96191;659;0;0;0
Sudeste;SP;0;35;0;0;0;01/05/2021;17;45919049;2918044;14335;96941;750;0;0;0
Sudeste;SP;0;35;0;0;0;02/05/2021;18;45919049;2923367;5323;97058;117;0;0;0
Sudeste;SP;0;35;0;0;0;03/05/2021;18;45919049;2926516;3149;97172;114;0;0;0
Sudeste;SP;0;35;0;0;0;04/05/2021;18;45919049;2941980;15464;98021;849;0;0;0
Sudeste;SP;0;35;0;0;0;05/05/2021;18;45919049;2956210;14230;98710;689;0;0;0
Sudeste;SP;0;35;0;0;0;06/05/2021;18;45919049;2969680;13470;99406;696;0;0;0
Sudeste;SP;0;35;0;0;0;07/05/2021;18;45919049;2984182;14502;99989;583;0;0;0
Sudeste;SP;0;35;0;0;0;08/05/2021;18;45919049;2997282;13100;100649;660;0;0;0
Sudeste;SP;0;35;0;0;0;09/05/2021;19;45919049;3003067;5785;100799;150;0;0;0
Sudeste;SP;0;35;0;0;0;10/05/2021;19;45919049;3006250;3183;100854;55;0;0;0
Sudeste;SP;0;35;0;0;0;11/05/2021;19;45919049;3022568;16318;101660;806;0;0;0
Sudeste;SP;0;35;0;0;0;12/05/2021;19;45919049;3038240;15672;102356;696;0;0;0
Sudeste;SP;0;35;0;0;0;13/05/2021;19;45919049;3053889;15649;102934;578;0;0;0
Sudeste;SP;0;35;0;0;0;14/05/2021;19;45919049;3069804;15915;103493;559;0;0;0
Sudeste;SP;0;35;0;0;0;15/05/2021;19;45919049;3085290;15486;103995;502;0;0;0
Sudeste;SP;0;35;0;0;0;16/05/2021;20;45919049;3092844;7554;104219;224;0;0;0
Sudeste;SP;0;35;0;0;0;17/05/2021;20;45919049;3096845;4001;104295;76;0;0;0
Sudeste;SP;0;35;0;0;0;18/05/2021;20;45919049;3112624;15779;105105;810;0;0;0
Sudeste;SP;0;35;0;0;0;19/05/2021;20;45919049;3129412;16788;105852;747;0;0;0
Sudeste;SP;0;35;0;0;0;20/05/2021;20;45919049;3147348;17936;106437;585;0;0;0
Sudeste;SP;0;35;0;0;0;21/05/2021;20;45919049;3163859;16511;107017;580;0;0;0
Sudeste;SP;0;35;0;0;0;22/05/2021;20;45919049;3180595;16736;107497;480;0;0;0
Sudeste;SP;0;35;0;0;0;23/05/2021;21;45919049;3188105;7510;107614;117;0;0;0
Sudeste;SP;0;35;0;0;0;24/05/2021;21;45919049;3192727;4622;107677;63;0;0;0
Sudeste;SP;0;35;0;0;0;25/05/2021;21;45919049;3210204;17477;108575;898;0;0;0
Sudeste;SP;0;35;0;0;0;26/05/2021;21;45919049;3226875;16671;109241;666;0;0;0
Sudeste;SP;0;35;0;0;0;27/05/2021;21;45919049;3239657;12782;109850;609;0;0;0
Sudeste;SP;0;35;0;0;0;28/05/2021;21;45919049;3241240;1583;110553;703;0;0;0
Sudeste;SP;0;35;0;0;0;29/05/2021;21;45919049;3254893;13653;111123;570;0;0;0
Sudeste;SP;0;35;0;0;0;30/05/2021;22;45919049;3265930;11037;111304;181;0;0;0
Sudeste;SP;0;35;0;0;0;31/05/2021;22;45919049;3272043;6113;111374;70;0;0;0
Sudeste;SP;0;35;0;0;0;01/06/2021;22;45919049;3291509;19466;112210;836;0;0;0
Sudeste;SP;0;35;0;0;0;02/06/2021;22;45919049;3314631;23122;112927;717;0;0;0
Sudeste;SP;0;35;0;0;0;03/06/2021;22;45919049;3334364;19733;113441;514;0;0;0
Sudeste;SP;0;35;0;0;0;04/06/2021;22;45919049;3338262;3898;113474;33;0;0;0
Sudeste;SP;0;35;0;0;0;05/06/2021;22;45919049;3355201;16939;114192;718;0;0;0
Sudeste;SP;0;35;0;0;0;06/06/2021;23;45919049;3365160;9959;114404;212;0;0;0
Sudeste;SP;0;35;0;0;0;07/06/2021;23;45919049;3370234;5074;114542;138;0;0;0
Sudeste;SP;0;35;0;0;0;08/06/2021;23;45919049;3378256;8022;115309;767;0;0;0
Sudeste;SP;0;35;0;0;0;09/06/2021;23;45919049;3382448;4192;115960;651;0;0;0
Sudeste;SP;0;35;0;0;0;10/06/2021;23;45919049;3405481;23033;116693;733;0;0;0
Sudeste;SP;0;35;0;0;0;11/06/2021;23;45919049;3428356;22875;117344;651;0;0;0
Sudeste;SP;0;35;0;0;0;12/06/2021;23;45919049;3449577;21221;117887;543;0;0;0